-1.960092037916183472e-02
-1.433791872113943100e-02
8.739259839057922363e-02
-1.171051338315010071e-01
1.220243796706199646e-02
4.113097675144672394e-03
-6.842229515314102173e-02
9.642007946968078613e-02
-9.056819230318069458e-02
-5.683801695704460144e-02
-1.395226269960403442e-02
-2.570123039186000824e-02
3.948476165533065796e-03
1.134707778692245483e-01
-9.513451159000396729e-02
7.403144240379333496e-02
1.610929220914840698e-01
1.420815289020538330e-01
-9.694883227348327637e-02
1.391131877899169922e-01
1.636815816164016724e-01
-7.208359241485595703e-02
1.332400441169738770e-01
-2.584031596779823303e-02
6.514937430620193481e-02
-4.830728098750114441e-02
-5.606475844979286194e-02
-9.876403957605361938e-02
-7.099857926368713379e-02
2.242524325847625732e-01
1.370889842510223389e-01
-2.635817974805831909e-02
